1.128717852831560009e-01
-8.786025693923606994e-01
7.544993703392688378e-01
1.593738509299216233e-01
8.569827941436131136e-01
2.765178145561615342e-01
1.616036736974113819e-01
9.298183462784552766e-01
9.919610863885357510e-01
8.816572059568121844e-01
1.029915855922718393e+00
7.787664443968771166e-03
-6.772094280917784204e-01
4.887214401641246653e-01
-1.136473494730765310e-01
6.463822480694840777e-01
4.656894174173579204e-01
7.497799912090847840e-01
-6.528419016392117413e-01
-5.690773717802315446e-01
-2.316783387591296872e-01
-5.682710834128066324e-01
1.281419119113031968e-01
-8.325204969746824446e-01
-9.135833241342812272e-01
-9.108193393910877234e-01
-5.506163770329060014e-01
-5.867420294389358304e-01
-6.133110326871396012e-01
6.808697294492951357e-01
5.097513798250368211e-01
1.059286849160350652e+00
2.015630330422268912e-01
-9.476261440523003898e-02
3.748339123004171825e-01
9.206562367531043733e-01
1.002103904844524607e-01
7.495659541193733233e-01
-4.777620609761719095e-01
6.824872628438352073e-01
-5.201614280878636976e-01
-1.569012063321117978e-01
-2.180318199403874502e-01
-6.130301148405346012e-01
3.688637356459736338e-01
9.357476583852715191e-01
7.394897841500558400e-01
4.497553344918250318e-01
9.203059789571698124e-01
-7.320623763853255639e-01
8.690436292142003083e-01
6.779930309229426078e-01
-9.198633193483374271e-02
-8.598227030310316710e-03
3.110366279470047068e-01
2.677211110196389132e-01
4.473783888281875343e-01
-9.942566653106736929e-01
-5.183727207622315092e-01
1.024491887518088618e+00
1.037869635027254489e+00
-5.483813149374900942e-01
-8.969824662550704986e-01
-2.627921009804463637e-01
8.821609539013728352e-01
5.522054299020737744e-01
8.973083096920673185e-01
-5.584730907388602006e-01
5.350337836173029160e-01
6.607217891342291871e-01
-6.650366892147268061e-01
1.244561016157822997e-01
-8.909614677879851286e-01
9.358778323913647945e-01
7.063108031400453513e-01
5.430135285479187335e-01
2.853690108859696095e-01
-9.478587568490128845e-01
2.328278737470810822e-01
1.147216372604266121e-01
2.116375172029494323e-01
-7.167712665347245604e-01
-9.249301804979825903e-01
5.488539993011762874e-01
-1.932463936694777118e-01
-8.458850707345629827e-01
-2.586093840232681629e-01
7.563953826432818772e-01
9.123295701670994795e-01
-4.993063452189794305e-01
-7.953794783166019400e-01
-3.766062530221816473e-01
8.695184130837665393e-01
3.552748692153842591e-02
1.057574759859811309e+00
2.248451836610563248e-01
-8.763423434983241833e-02
-8.751001842059240587e-01
-9.845812143738693623e-01
6.841048570786253391e-01
-7.645767596788606291e-01
6.308163394192053963e-02
9.130504691900216407e-01
3.061040103096556164e-01
8.013395958833799959e-01
-9.791399262456732533e-01
-5.515919499020007777e-01
-2.704720596428060730e-01
7.546908664756522001e-01
-8.092745005834878214e-01
4.448485282656733375e-02
-8.880827438924954187e-01
4.949296084624448255e-01
6.769527155860695089e-01
-9.128144064466745533e-01
-8.964110229678050601e-01
4.041026092463684827e-01
1.149506285223829138e-01
4.039584051277245180e-03
5.127154094052457367e-01
-4.341715981878024877e-01
1.862092281686764661e-01
2.041879073351182683e-02
-3.285379467952260768e-01
3.055276777723783255e-01
-2.559600306315772400e-01
-4.197806381654203278e-01
5.987961187830126430e-01
-7.943543381171558337e-01
1.053776934988682523e+00
1.783133761898223479e-01
1.554559378537055392e-01
-3.283140269363400421e-01
2.052158582297742839e-01
4.491976060380589719e-02
1.462033375015400205e-01
-9.356877161642485063e-01
-8.247470137366406107e-01
9.102449628611868349e-01
1.026582861134226476e+00
-5.973163230585818440e-01
-9.747447408744180919e-01
7.157163812116724699e-01
8.576152467851239081e-01
-5.514188389489524944e-01
-7.207485272460019132e-01
2.680612294083679625e-01
-7.093745091027070515e-01
-7.591938601528696040e-01
4.082553006713531829e-01
-9.853975605033435947e-01
-7.739555654309810961e-01
4.831726780360927620e-01
5.290849021150059173e-01
9.313304355783719179e-01
-7.190956477005805425e-01
-6.269654025654496365e-01
4.851354575894203380e-01
4.659932890638884828e-01
2.730176336564946182e-01
9.538825963612751480e-02
-2.394386548586791008e-01
9.797815045341526918e-01
6.645270457861662816e-02
6.153249177638233647e-01
-9.317982510098250515e-01
-6.948467575941599250e-01
-3.008789422380431233e-01
9.425318768936482572e-01
-6.724345646839564594e-01
1.627475589282738611e-01
8.861893381960641580e-01
5.126162222081767084e-01
4.574917787587091667e-01
7.819842776826722019e-01
-7.106431986757080210e-01
-1.916562874378868742e-01
7.534745872533413769e-01
-1.344748840049261318e-01
-6.708886636251767399e-01
4.450276657862654861e-02
3.300845806270480409e-01
-6.354322552493045784e-01
7.562689265095621227e-01
2.546356265891773774e-01
-8.420310856713877357e-01
-9.555837796306647647e-01
4.196287920483445788e-01
-6.365406748785673585e-01
2.939017104531896352e-01
7.735346267763496542e-01
-9.718890132742670218e-01
3.302352775882155811e-02
8.225236740288757176e-01
6.862268197774310519e-01
3.015216248422205592e-01
1.364432649846181178e-01
-5.928198080723339203e-01
3.132801851378914648e-01
1.038496552847533394e+00
